0.04
0.05
0.056
0.024
0.03
0.062
0.046
0.054
0.036
0.034
0.03
0.05
0.046
0.044
0.048
0.034
0.044
0.042
0.048
0.044
0.042
0.04
0.05
0.034
0.042
0.04
0.042
0.044
0.036
0.054
0.058
0.036
0.048
0.03
0.032
0.038
0.056
0.042
0.044
0.03
0.048
0.046
0.046
0.068
0.038
0.046
0.04
0.048
0.052
0.07
0.052
0.058
0.05
0.042
0.054
0.03
0.046
0.046
0.064
0.032
0.06
0.052
0.044
0.054
0.036
0.036
0.046
0.048
0.054
0.04
0.058
0.04
0.042
0.056
0.04
0.05
0.05
0.036
0.048
0.044
0.048
0.05
0.03
0.056
0.034
0.042
0.052
0.044
0.044
0.058
0.052
0.036
0.048
0.04
0.038
0.068
0.05
0.046
0.056
0.06
