0.042
0.044
0.052
0.029
0.036
0.051
0.047
0.056
0.04
0.047
0.038
0.046
0.048
0.048
0.05
0.038
0.055
0.049
0.046
0.054
0.051
0.047
0.053
0.038
0.049
0.043
0.045
0.052
0.045
0.048
0.054
0.038
0.046
0.037
0.03
0.039
0.048
0.043
0.04
0.042
0.05
0.043
0.049
0.061
0.042
0.049
0.04
0.05
0.057
0.05
0.05
0.055
0.051
0.043
0.052
0.035
0.045
0.049
0.059
0.041
0.056
0.043
0.04
0.046
0.039
0.041
0.041
0.05
0.054
0.045
0.051
0.044
0.045
0.042
0.049
0.052
0.041
0.04
0.052
0.043
0.047
0.057
0.039
0.048
0.042
0.056
0.05
0.064
0.048
0.051
0.046
0.043
0.045
0.043
0.033
0.057
0.055
0.045
0.054
0.058
